5500000	6	0	1100000	2200000	3300000	4400000	5500000
5410000	10	0	1010000	1100000	2110000	2200000	3210000	3300000	4310000	4400000	5410000
5401000	10	0	1001000	1100000	2101000	2200000	3201000	3300000	4301000	4400000	5401000
5400100	10	0	1000100	1100000	2100100	2200000	3200100	3300000	4300100	4400000	5400100
5400010	10	0	1000010	1100000	2100010	2200000	3200010	3300000	4300010	4400000	5400010
5400001	10	0	1000001	1100000	2100001	2200000	3200001	3300000	4300001	4400000	5400001
5320000	12	0	1010000	1100000	2020000	2110000	2200000	3120000	3210000	3300000	4220000	4310000	5320000
5311000	16	0	1001000	1010000	1100000	2011000	2101000	2110000	2200000	3111000	3201000	3210000	3300000	4211000	4301000	4310000	5311000
5310100	16	0	1000100	1010000	1100000	2010100	2100100	2110000	2200000	3110100	3200100	3210000	3300000	4210100	4300100	4310000	5310100
5310010	16	0	1000010	1010000	1100000	2010010	2100010	2110000	2200000	3110010	3200010	3210000	3300000	4210010	4300010	4310000	5310010
5310001	16	0	1000001	1010000	1100000	2010001	2100001	2110000	2200000	3110001	3200001	3210000	3300000	4210001	4300001	4310000	5310001
5302000	12	0	1001000	1100000	2002000	2101000	2200000	3102000	3201000	3300000	4202000	4301000	5302000
5301100	16	0	1000100	1001000	1100000	2001100	2100100	2101000	2200000	3101100	3200100	3201000	3300000	4201100	4300100	4301000	5301100
5301010	16	0	1000010	1001000	1100000	2001010	2100010	2101000	2200000	3101010	3200010	3201000	3300000	4201010	4300010	4301000	5301010
5301001	16	0	1000001	1001000	1100000	2001001	2100001	2101000	2200000	3101001	3200001	3201000	3300000	4201001	4300001	4301000	5301001
5300200	12	0	1000100	1100000	2000200	2100100	2200000	3100200	3200100	3300000	4200200	4300100	5300200
5300110	16	0	1000010	1000100	1100000	2000110	2100010	2100100	2200000	3100110	3200010	3200100	3300000	4200110	4300010	4300100	5300110
5300101	16	0	1000001	1000100	1100000	2000101	2100001	2100100	2200000	3100101	3200001	3200100	3300000	4200101	4300001	4300100	5300101
5300020	12	0	1000010	1100000	2000020	2100010	2200000	3100020	3200010	3300000	4200020	4300010	5300020
5300011	16	0	1000001	1000010	1100000	2000011	2100001	2100010	2200000	3100011	3200001	3200010	3300000	4200011	4300001	4300010	5300011
5300002	12	0	1000001	1100000	2000002	2100001	2200000	3100002	3200001	3300000	4200002	4300001	5300002
5230000	12	0	1010000	1100000	2020000	2110000	2200000	3030000	3120000	3210000	4130000	4220000	5230000
5221000	18	0	1001000	1010000	1100000	2011000	2020000	2101000	2110000	2200000	3021000	3111000	3120000	3201000	3210000	4121000	4211000	4220000	5221000
5220100	18	0	1000100	1010000	1100000	2010100	2020000	2100100	2110000	2200000	3020100	3110100	3120000	3200100	3210000	4120100	4210100	4220000	5220100
5220010	18	0	1000010	1010000	1100000	2010010	2020000	2100010	2110000	2200000	3020010	3110010	3120000	3200010	3210000	4120010	4210010	4220000	5220010
5220001	18	0	1000001	1010000	1100000	2010001	2020000	2100001	2110000	2200000	3020001	3110001	3120000	3200001	3210000	4120001	4210001	4220000	5220001
5212000	18	0	1001000	1010000	1100000	2002000	2011000	2101000	2110000	2200000	3012000	3102000	3111000	3201000	3210000	4112000	4202000	4211000	5212000
5211100	24	0	1000100	1001000	1010000	1100000	2001100	2010100	2011000	2100100	2101000	2110000	2200000	3011100	3101100	3110100	3111000	3200100	3201000	3210000	4111100	4201100	4210100	4211000	5211100
5211010	24	0	1000010	1001000	1010000	1100000	2001010	2010010	2011000	2100010	2101000	2110000	2200000	3011010	3101010	3110010	3111000	3200010	3201000	3210000	4111010	4201010	4210010	4211000	5211010
5211001	24	0	1000001	1001000	1010000	1100000	2001001	2010001	2011000	2100001	2101000	2110000	2200000	3011001	3101001	3110001	3111000	3200001	3201000	3210000	4111001	4201001	4210001	4211000	5211001
5210200	18	0	1000100	1010000	1100000	2000200	2010100	2100100	2110000	2200000	3010200	3100200	3110100	3200100	3210000	4110200	4200200	4210100	5210200
5210110	24	0	1000010	1000100	1010000	1100000	2000110	2010010	2010100	2100010	2100100	2110000	2200000	3010110	3100110	3110010	3110100	3200010	3200100	3210000	4110110	4200110	4210010	4210100	5210110
5210101	24	0	1000001	1000100	1010000	1100000	2000101	2010001	2010100	2100001	2100100	2110000	2200000	3010101	3100101	3110001	3110100	3200001	3200100	3210000	4110101	4200101	4210001	4210100	5210101
5210020	18	0	1000010	1010000	1100000	2000020	2010010	2100010	2110000	2200000	3010020	3100020	3110010	3200010	3210000	4110020	4200020	4210010	5210020
5210011	24	0	1000001	1000010	1010000	1100000	2000011	2010001	2010010	2100001	2100010	2110000	2200000	3010011	3100011	3110001	3110010	3200001	3200010	3210000	4110011	4200011	4210001	4210010	5210011
5210002	18	0	1000001	1010000	1100000	2000002	2010001	2100001	2110000	2200000	3010002	3100002	3110001	3200001	3210000	4110002	4200002	4210001	5210002
5203000	12	0	1001000	1100000	2002000	2101000	2200000	3003000	3102000	3201000	4103000	4202000	5203000
5202100	18	0	1000100	1001000	1100000	2001100	2002000	2100100	2101000	2200000	3002100	3101100	3102000	3200100	3201000	4102100	4201100	4202000	5202100
5202010	18	0	1000010	1001000	1100000	2001010	2002000	2100010	2101000	2200000	3002010	3101010	3102000	3200010	3201000	4102010	4201010	4202000	5202010
5202001	18	0	1000001	1001000	1100000	2001001	2002000	2100001	2101000	2200000	3002001	3101001	3102000	3200001	3201000	4102001	4201001	4202000	5202001
5201200	18	0	1000100	1001000	1100000	2000200	2001100	2100100	2101000	2200000	3001200	3100200	3101100	3200100	3201000	4101200	4200200	4201100	5201200
5201110	24	0	1000010	1000100	1001000	1100000	2000110	2001010	2001100	2100010	2100100	2101000	2200000	3001110	3100110	3101010	3101100	3200010	3200100	3201000	4101110	4200110	4201010	4201100	5201110
5201101	24	0	1000001	1000100	1001000	1100000	2000101	2001001	2001100	2100001	2100100	2101000	2200000	3001101	3100101	3101001	3101100	3200001	3200100	3201000	4101101	4200101	4201001	4201100	5201101
5201020	18	0	1000010	1001000	1100000	2000020	2001010	2100010	2101000	2200000	3001020	3100020	3101010	3200010	3201000	4101020	4200020	4201010	5201020
5201011	24	0	1000001	1000010	1001000	1100000	2000011	2001001	2001010	2100001	2100010	2101000	2200000	3001011	3100011	3101001	3101010	3200001	3200010	3201000	4101011	4200011	4201001	4201010	5201011
5201002	18	0	1000001	1001000	1100000	2000002	2001001	2100001	2101000	2200000	3001002	3100002	3101001	3200001	3201000	4101002	4200002	4201001	5201002
5200300	12	0	1000100	1100000	2000200	2100100	2200000	3000300	3100200	3200100	4100300	4200200	5200300
5200210	18	0	1000010	1000100	1100000	2000110	2000200	2100010	2100100	2200000	3000210	3100110	3100200	3200010	3200100	4100210	4200110	4200200	5200210
5200201	18	0	1000001	1000100	1100000	2000101	2000200	2100001	2100100	2200000	3000201	3100101	3100200	3200001	3200100	4100201	4200101	4200200	5200201
5200120	18	0	1000010	1000100	1100000	2000020	2000110	2100010	2100100	2200000	3000120	3100020	3100110	3200010	3200100	4100120	4200020	4200110	5200120
5200111	24	0	1000001	1000010	1000100	1100000	2000011	2000101	2000110	2100001	2100010	2100100	2200000	3000111	3100011	3100101	3100110	3200001	3200010	3200100	4100111	4200011	4200101	4200110	5200111
5200102	18	0	1000001	1000100	1100000	2000002	2000101	2100001	2100100	2200000	3000102	3100002	3100101	3200001	3200100	4100102	4200002	4200101	5200102
5200030	12	0	1000010	1100000	2000020	2100010	2200000	3000030	3100020	3200010	4100030	4200020	5200030
5200021	18	0	1000001	1000010	1100000	2000011	2000020	2100001	2100010	2200000	3000021	3100011	3100020	3200001	3200010	4100021	4200011	4200020	5200021
5200012	18	0	1000001	1000010	1100000	2000002	2000011	2100001	2100010	2200000	3000012	3100002	3100011	3200001	3200010	4100012	4200002	4200011	5200012
5200003	12	0	1000001	1100000	2000002	2100001	2200000	3000003	3100002	3200001	4100003	4200002	5200003
5140000	10	0	1010000	1100000	2020000	2110000	3030000	3120000	4040000	4130000	5140000
5131000	16	0	1001000	1010000	1100000	2011000	2020000	2101000	2110000	3021000	3030000	3111000	3120000	4031000	4121000	4130000	5131000
5130100	16	0	1000100	1010000	1100000	2010100	2020000	2100100	2110000	3020100	3030000	3110100	3120000	4030100	4120100	4130000	5130100
5130010	16	0	1000010	1010000	1100000	2010010	2020000	2100010	2110000	3020010	3030000	3110010	3120000	4030010	4120010	4130000	5130010
5130001	16	0	1000001	1010000	1100000	2010001	2020000	2100001	2110000	3020001	3030000	3110001	3120000	4030001	4120001	4130000	5130001
5122000	18	0	1001000	1010000	1100000	2002000	2011000	2020000	2101000	2110000	3012000	3021000	3102000	3111000	3120000	4022000	4112000	4121000	5122000
5121100	24	0	1000100	1001000	1010000	1100000	2001100	2010100	2011000	2020000	2100100	2101000	2110000	3011100	3020100	3021000	3101100	3110100	3111000	3120000	4021100	4111100	4120100	4121000	5121100
5121010	24	0	1000010	1001000	1010000	1100000	2001010	2010010	2011000	2020000	2100010	2101000	2110000	3011010	3020010	3021000	3101010	3110010	3111000	3120000	4021010	4111010	4120010	4121000	5121010
5121001	24	0	1000001	1001000	1010000	1100000	2001001	2010001	2011000	2020000	2100001	2101000	2110000	3011001	3020001	3021000	3101001	3110001	3111000	3120000	4021001	4111001	4120001	4121000	5121001
5120200	18	0	1000100	1010000	1100000	2000200	2010100	2020000	2100100	2110000	3010200	3020100	3100200	3110100	3120000	4020200	4110200	4120100	5120200
5120110	24	0	1000010	1000100	1010000	1100000	2000110	2010010	2010100	2020000	2100010	2100100	2110000	3010110	3020010	3020100	3100110	3110010	3110100	3120000	4020110	4110110	4120010	4120100	5120110
5120101	24	0	1000001	1000100	1010000	1100000	2000101	2010001	2010100	2020000	2100001	2100100	2110000	3010101	3020001	3020100	3100101	3110001	3110100	3120000	4020101	4110101	4120001	4120100	5120101
5120020	18	0	1000010	1010000	1100000	2000020	2010010	2020000	2100010	2110000	3010020	3020010	3100020	3110010	3120000	4020020	4110020	4120010	5120020
5120011	24	0	1000001	1000010	1010000	1100000	2000011	2010001	2010010	2020000	2100001	2100010	2110000	3010011	3020001	3020010	3100011	3110001	3110010	3120000	4020011	4110011	4120001	4120010	5120011
5120002	18	0	1000001	1010000	1100000	2000002	2010001	2020000	2100001	2110000	3010002	3020001	3100002	3110001	3120000	4020002	4110002	4120001	5120002
5113000	16	0	1001000	1010000	1100000	2002000	2011000	2101000	2110000	3003000	3012000	3102000	3111000	4013000	4103000	4112000	5113000
5112100	24	0	1000100	1001000	1010000	1100000	2001100	2002000	2010100	2011000	2100100	2101000	2110000	3002100	3011100	3012000	3101100	3102000	3110100	3111000	4012100	4102100	4111100	4112000	5112100
5112010	24	0	1000010	1001000	1010000	1100000	2001010	2002000	2010010	2011000	2100010	2101000	2110000	3002010	3011010	3012000	3101010	3102000	3110010	3111000	4012010	4102010	4111010	4112000	5112010
5112001	24	0	1000001	1001000	1010000	1100000	2001001	2002000	2010001	2011000	2100001	2101000	2110000	3002001	3011001	3012000	3101001	3102000	3110001	3111000	4012001	4102001	4111001	4112000	5112001
5111200	24	0	1000100	1001000	1010000	1100000	2000200	2001100	2010100	2011000	2100100	2101000	2110000	3001200	3010200	3011100	3100200	3101100	3110100	3111000	4011200	4101200	4110200	4111100	5111200
5111110	32	0	1000010	1000100	1001000	1010000	1100000	2000110	2001010	2001100	2010010	2010100	2011000	2100010	2100100	2101000	2110000	3001110	3010110	3011010	3011100	3100110	3101010	3101100	3110010	3110100	3111000	4011110	4101110	4110110	4111010	4111100	5111110
5111101	32	0	1000001	1000100	1001000	1010000	1100000	2000101	2001001	2001100	2010001	2010100	2011000	2100001	2100100	2101000	2110000	3001101	3010101	3011001	3011100	3100101	3101001	3101100	3110001	3110100	3111000	4011101	4101101	4110101	4111001	4111100	5111101
5111020	24	0	1000010	1001000	1010000	1100000	2000020	2001010	2010010	2011000	2100010	2101000	2110000	3001020	3010020	3011010	3100020	3101010	3110010	3111000	4011020	4101020	4110020	4111010	5111020
5111011	32	0	1000001	1000010	1001000	1010000	1100000	2000011	2001001	2001010	2010001	2010010	2011000	2100001	2100010	2101000	2110000	3001011	3010011	3011001	3011010	3100011	3101001	3101010	3110001	3110010	3111000	4011011	4101011	4110011	4111001	4111010	5111011
5111002	24	0	1000001	1001000	1010000	1100000	2000002	2001001	2010001	2011000	2100001	2101000	2110000	3001002	3010002	3011001	3100002	3101001	3110001	3111000	4011002	4101002	4110002	4111001	5111002
5110300	16	0	1000100	1010000	1100000	2000200	2010100	2100100	2110000	3000300	3010200	3100200	3110100	4010300	4100300	4110200	5110300
5110210	24	0	1000010	1000100	1010000	1100000	2000110	2000200	2010010	2010100	2100010	2100100	2110000	3000210	3010110	3010200	3100110	3100200	3110010	3110100	4010210	4100210	4110110	4110200	5110210
5110201	24	0	1000001	1000100	1010000	1100000	2000101	2000200	2010001	2010100	2100001	2100100	2110000	3000201	3010101	3010200	3100101	3100200	3110001	3110100	4010201	4100201	4110101	4110200	5110201
5110120	24	0	1000010	1000100	1010000	1100000	2000020	2000110	2010010	2010100	2100010	2100100	2110000	3000120	3010020	3010110	3100020	3100110	3110010	3110100	4010120	4100120	4110020	4110110	5110120
5110111	32	0	1000001	1000010	1000100	1010000	1100000	2000011	2000101	2000110	2010001	2010010	2010100	2100001	2100010	2100100	2110000	3000111	3010011	3010101	3010110	3100011	3100101	3100110	3110001	3110010	3110100	4010111	4100111	4110011	4110101	4110110	5110111
5110102	24	0	1000001	1000100	1010000	1100000	2000002	2000101	2010001	2010100	2100001	2100100	2110000	3000102	3010002	3010101	3100002	3100101	3110001	3110100	4010102	4100102	4110002	4110101	5110102
5110030	16	0	1000010	1010000	1100000	2000020	2010010	2100010	2110000	3000030	3010020	3100020	3110010	4010030	4100030	4110020	5110030
5110021	24	0	1000001	1000010	1010000	1100000	2000011	2000020	2010001	2010010	2100001	2100010	2110000	3000021	3010011	3010020	3100011	3100020	3110001	3110010	4010021	4100021	4110011	4110020	5110021
5110012	24	0	1000001	1000010	1010000	1100000	2000002	2000011	2010001	2010010	2100001	2100010	2110000	3000012	3010002	3010011	3100002	3100011	3110001	3110010	4010012	4100012	4110002	4110011	5110012
5110003	16	0	1000001	1010000	1100000	2000002	2010001	2100001	2110000	3000003	3010002	3100002	3110001	4010003	4100003	4110002	5110003
5104000	10	0	1001000	1100000	2002000	2101000	3003000	3102000	4004000	4103000	5104000
5103100	16	0	1000100	1001000	1100000	2001100	2002000	2100100	2101000	3002100	3003000	3101100	3102000	4003100	4102100	4103000	5103100
5103010	16	0	1000010	1001000	1100000	2001010	2002000	2100010	2101000	3002010	3003000	3101010	3102000	4003010	4102010	4103000	5103010
5103001	16	0	1000001	1001000	1100000	2001001	2002000	2100001	2101000	3002001	3003000	3101001	3102000	4003001	4102001	4103000	5103001
5102200	18	0	1000100	1001000	1100000	2000200	2001100	2002000	2100100	2101000	3001200	3002100	3100200	3101100	3102000	4002200	4101200	4102100	5102200
5102110	24	0	1000010	1000100	1001000	1100000	2000110	2001010	2001100	2002000	2100010	2100100	2101000	3001110	3002010	3002100	3100110	3101010	3101100	3102000	4002110	4101110	4102010	4102100	5102110
5102101	24	0	1000001	1000100	1001000	1100000	2000101	2001001	2001100	2002000	2100001	2100100	2101000	3001101	3002001	3002100	3100101	3101001	3101100	3102000	4002101	4101101	4102001	4102100	5102101
5102020	18	0	1000010	1001000	1100000	2000020	2001010	2002000	2100010	2101000	3001020	3002010	3100020	3101010	3102000	4002020	4101020	4102010	5102020
5102011	24	0	1000001	1000010	1001000	1100000	2000011	2001001	2001010	2002000	2100001	2100010	2101000	3001011	3002001	3002010	3100011	3101001	3101010	3102000	4002011	4101011	4102001	4102010	5102011
5102002	18	0	1000001	1001000	1100000	2000002	2001001	2002000	2100001	2101000	3001002	3002001	3100002	3101001	3102000	4002002	4101002	4102001	5102002
5101300	16	0	1000100	1001000	1100000	2000200	2001100	2100100	2101000	3000300	3001200	3100200	3101100	4001300	4100300	4101200	5101300
5101210	24	0	1000010	1000100	1001000	1100000	2000110	2000200	2001010	2001100	2100010	2100100	2101000	3000210	3001110	3001200	3100110	3100200	3101010	3101100	4001210	4100210	4101110	4101200	5101210
5101201	24	0	1000001	1000100	1001000	1100000	2000101	2000200	2001001	2001100	2100001	2100100	2101000	3000201	3001101	3001200	3100101	3100200	3101001	3101100	4001201	4100201	4101101	4101200	5101201
5101120	24	0	1000010	1000100	1001000	1100000	2000020	2000110	2001010	2001100	2100010	2100100	2101000	3000120	3001020	3001110	3100020	3100110	3101010	3101100	4001120	4100120	4101020	4101110	5101120
5101111	32	0	1000001	1000010	1000100	1001000	1100000	2000011	2000101	2000110	2001001	2001010	2001100	2100001	2100010	2100100	2101000	3000111	3001011	3001101	3001110	3100011	3100101	3100110	3101001	3101010	3101100	4001111	4100111	4101011	4101101	4101110	5101111
5101102	24	0	1000001	1000100	1001000	1100000	2000002	2000101	2001001	2001100	2100001	2100100	2101000	3000102	3001002	3001101	3100002	3100101	3101001	3101100	4001102	4100102	4101002	4101101	5101102
5101030	16	0	1000010	1001000	1100000	2000020	2001010	2100010	2101000	3000030	3001020	3100020	3101010	4001030	4100030	4101020	5101030
5101021	24	0	1000001	1000010	1001000	1100000	2000011	2000020	2001001	2001010	2100001	2100010	2101000	3000021	3001011	3001020	3100011	3100020	3101001	3101010	4001021	4100021	4101011	4101020	5101021
5101012	24	0	1000001	1000010	1001000	1100000	2000002	2000011	2001001	2001010	2100001	2100010	2101000	3000012	3001002	3001011	3100002	3100011	3101001	3101010	4001012	4100012	4101002	4101011	5101012
5101003	16	0	1000001	1001000	1100000	2000002	2001001	2100001	2101000	3000003	3001002	3100002	3101001	4001003	4100003	4101002	5101003
5100400	10	0	1000100	1100000	2000200	2100100	3000300	3100200	4000400	4100300	5100400
5100310	16	0	1000010	1000100	1100000	2000110	2000200	2100010	2100100	3000210	3000300	3100110	3100200	4000310	4100210	4100300	5100310
5100301	16	0	1000001	1000100	1100000	2000101	2000200	2100001	2100100	3000201	3000300	3100101	3100200	4000301	4100201	4100300	5100301
5100220	18	0	1000010	1000100	1100000	2000020	2000110	2000200	2100010	2100100	3000120	3000210	3100020	3100110	3100200	4000220	4100120	4100210	5100220
5100211	24	0	1000001	1000010	1000100	1100000	2000011	2000101	2000110	2000200	2100001	2100010	2100100	3000111	3000201	3000210	3100011	3100101	3100110	3100200	4000211	4100111	4100201	4100210	5100211
5100202	18	0	1000001	1000100	1100000	2000002	2000101	2000200	2100001	2100100	3000102	3000201	3100002	3100101	3100200	4000202	4100102	4100201	5100202
5100130	16	0	1000010	1000100	1100000	2000020	2000110	2100010	2100100	3000030	3000120	3100020	3100110	4000130	4100030	4100120	5100130
5100121	24	0	1000001	1000010	1000100	1100000	2000011	2000020	2000101	2000110	2100001	2100010	2100100	3000021	3000111	3000120	3100011	3100020	3100101	3100110	4000121	4100021	4100111	4100120	5100121
5100112	24	0	1000001	1000010	1000100	1100000	2000002	2000011	2000101	2000110	2100001	2100010	2100100	3000012	3000102	3000111	3100002	3100011	3100101	3100110	4000112	4100012	4100102	4100111	5100112
5100103	16	0	1000001	1000100	1100000	2000002	2000101	2100001	2100100	3000003	3000102	3100002	3100101	4000103	4100003	4100102	5100103
5100040	10	0	1000010	1100000	2000020	2100010	3000030	3100020	4000040	4100030	5100040
5100031	16	0	1000001	1000010	1100000	2000011	2000020	2100001	2100010	3000021	3000030	3100011	3100020	4000031	4100021	4100030	5100031
5100022	18	0	1000001	1000010	1100000	2000002	2000011	2000020	2100001	2100010	3000012	3000021	3100002	3100011	3100020	4000022	4100012	4100021	5100022
5100013	16	0	1000001	1000010	1100000	2000002	2000011	2100001	2100010	3000003	3000012	3100002	3100011	4000013	4100003	4100012	5100013
5100004	10	0	1000001	1100000	2000002	2100001	3000003	3100002	4000004	4100003	5100004
5050000	6	0	1010000	2020000	3030000	4040000	5050000
5041000	10	0	1001000	1010000	2011000	2020000	3021000	3030000	4031000	4040000	5041000
5040100	10	0	1000100	1010000	2010100	2020000	3020100	3030000	4030100	4040000	5040100
5040010	10	0	1000010	1010000	2010010	2020000	3020010	3030000	4030010	4040000	5040010
5040001	10	0	1000001	1010000	2010001	2020000	3020001	3030000	4030001	4040000	5040001
5032000	12	0	1001000	1010000	2002000	2011000	2020000	3012000	3021000	3030000	4022000	4031000	5032000
5031100	16	0	1000100	1001000	1010000	2001100	2010100	2011000	2020000	3011100	3020100	3021000	3030000	4021100	4030100	4031000	5031100
5031010	16	0	1000010	1001000	1010000	2001010	2010010	2011000	2020000	3011010	3020010	3021000	3030000	4021010	4030010	4031000	5031010
5031001	16	0	1000001	1001000	1010000	2001001	2010001	2011000	2020000	3011001	3020001	3021000	3030000	4021001	4030001	4031000	5031001
5030200	12	0	1000100	1010000	2000200	2010100	2020000	3010200	3020100	3030000	4020200	4030100	5030200
5030110	16	0	1000010	1000100	1010000	2000110	2010010	2010100	2020000	3010110	3020010	3020100	3030000	4020110	4030010	4030100	5030110
5030101	16	0	1000001	1000100	1010000	2000101	2010001	2010100	2020000	3010101	3020001	3020100	3030000	4020101	4030001	4030100	5030101
5030020	12	0	1000010	1010000	2000020	2010010	2020000	3010020	3020010	3030000	4020020	4030010	5030020
5030011	16	0	1000001	1000010	1010000	2000011	2010001	2010010	2020000	3010011	3020001	3020010	3030000	4020011	4030001	4030010	5030011
5030002	12	0	1000001	1010000	2000002	2010001	2020000	3010002	3020001	3030000	4020002	4030001	5030002
5023000	12	0	1001000	1010000	2002000	2011000	2020000	3003000	3012000	3021000	4013000	4022000	5023000
5022100	18	0	1000100	1001000	1010000	2001100	2002000	2010100	2011000	2020000	3002100	3011100	3012000	3020100	3021000	4012100	4021100	4022000	5022100
5022010	18	0	1000010	1001000	1010000	2001010	2002000	2010010	2011000	2020000	3002010	3011010	3012000	3020010	3021000	4012010	4021010	4022000	5022010
5022001	18	0	1000001	1001000	1010000	2001001	2002000	2010001	2011000	2020000	3002001	3011001	3012000	3020001	3021000	4012001	4021001	4022000	5022001
5021200	18	0	1000100	1001000	1010000	2000200	2001100	2010100	2011000	2020000	3001200	3010200	3011100	3020100	3021000	4011200	4020200	4021100	5021200
5021110	24	0	1000010	1000100	1001000	1010000	2000110	2001010	2001100	2010010	2010100	2011000	2020000	3001110	3010110	3011010	3011100	3020010	3020100	3021000	4011110	4020110	4021010	4021100	5021110
5021101	24	0	1000001	1000100	1001000	1010000	2000101	2001001	2001100	2010001	2010100	2011000	2020000	3001101	3010101	3011001	3011100	3020001	3020100	3021000	4011101	4020101	4021001	4021100	5021101
5021020	18	0	1000010	1001000	1010000	2000020	2001010	2010010	2011000	2020000	3001020	3010020	3011010	3020010	3021000	4011020	4020020	4021010	5021020
5021011	24	0	1000001	1000010	1001000	1010000	2000011	2001001	2001010	2010001	2010010	2011000	2020000	3001011	3010011	3011001	3011010	3020001	3020010	3021000	4011011	4020011	4021001	4021010	5021011
5021002	18	0	1000001	1001000	1010000	2000002	2001001	2010001	2011000	2020000	3001002	3010002	3011001	3020001	3021000	4011002	4020002	4021001	5021002
5020300	12	0	1000100	1010000	2000200	2010100	2020000	3000300	3010200	3020100	4010300	4020200	5020300
5020210	18	0	1000010	1000100	1010000	2000110	2000200	2010010	2010100	2020000	3000210	3010110	3010200	3020010	3020100	4010210	4020110	4020200	5020210
5020201	18	0	1000001	1000100	1010000	2000101	2000200	2010001	2010100	2020000	3000201	3010101	3010200	3020001	3020100	4010201	4020101	4020200	5020201
5020120	18	0	1000010	1000100	1010000	2000020	2000110	2010010	2010100	2020000	3000120	3010020	3010110	3020010	3020100	4010120	4020020	4020110	5020120
5020111	24	0	1000001	1000010	1000100	1010000	2000011	2000101	2000110	2010001	2010010	2010100	2020000	3000111	3010011	3010101	3010110	3020001	3020010	3020100	4010111	4020011	4020101	4020110	5020111
5020102	18	0	1000001	1000100	1010000	2000002	2000101	2010001	2010100	2020000	3000102	3010002	3010101	3020001	3020100	4010102	4020002	4020101	5020102
5020030	12	0	1000010	1010000	2000020	2010010	2020000	3000030	3010020	3020010	4010030	4020020	5020030
5020021	18	0	1000001	1000010	1010000	2000011	2000020	2010001	2010010	2020000	3000021	3010011	3010020	3020001	3020010	4010021	4020011	4020020	5020021
5020012	18	0	1000001	1000010	1010000	2000002	2000011	2010001	2010010	2020000	3000012	3010002	3010011	3020001	3020010	4010012	4020002	4020011	5020012
5020003	12	0	1000001	1010000	2000002	2010001	2020000	3000003	3010002	3020001	4010003	4020002	5020003
5014000	10	0	1001000	1010000	2002000	2011000	3003000	3012000	4004000	4013000	5014000
5013100	16	0	1000100	1001000	1010000	2001100	2002000	2010100	2011000	3002100	3003000	3011100	3012000	4003100	4012100	4013000	5013100
5013010	16	0	1000010	1001000	1010000	2001010	2002000	2010010	2011000	3002010	3003000	3011010	3012000	4003010	4012010	4013000	5013010
5013001	16	0	1000001	1001000	1010000	2001001	2002000	2010001	2011000	3002001	3003000	3011001	3012000	4003001	4012001	4013000	5013001
5012200	18	0	1000100	1001000	1010000	2000200	2001100	2002000	2010100	2011000	3001200	3002100	3010200	3011100	3012000	4002200	4011200	4012100	5012200
5012110	24	0	1000010	1000100	1001000	1010000	2000110	2001010	2001100	2002000	2010010	2010100	2011000	3001110	3002010	3002100	3010110	3011010	3011100	3012000	4002110	4011110	4012010	4012100	5012110
5012101	24	0	1000001	1000100	1001000	1010000	2000101	2001001	2001100	2002000	2010001	2010100	2011000	3001101	3002001	3002100	3010101	3011001	3011100	3012000	4002101	4011101	4012001	4012100	5012101
5012020	18	0	1000010	1001000	1010000	2000020	2001010	2002000	2010010	2011000	3001020	3002010	3010020	3011010	3012000	4002020	4011020	4012010	5012020
5012011	24	0	1000001	1000010	1001000	1010000	2000011	2001001	2001010	2002000	2010001	2010010	2011000	3001011	3002001	3002010	3010011	3011001	3011010	3012000	4002011	4011011	4012001	4012010	5012011
5012002	18	0	1000001	1001000	1010000	2000002	2001001	2002000	2010001	2011000	3001002	3002001	3010002	3011001	3012000	4002002	4011002	4012001	5012002
5011300	16	0	1000100	1001000	1010000	2000200	2001100	2010100	2011000	3000300	3001200	3010200	3011100	4001300	4010300	4011200	5011300
5011210	24	0	1000010	1000100	1001000	1010000	2000110	2000200	2001010	2001100	2010010	2010100	2011000	3000210	3001110	3001200	3010110	3010200	3011010	3011100	4001210	4010210	4011110	4011200	5011210
5011201	24	0	1000001	1000100	1001000	1010000	2000101	2000200	2001001	2001100	2010001	2010100	2011000	3000201	3001101	3001200	3010101	3010200	3011001	3011100	4001201	4010201	4011101	4011200	5011201
5011120	24	0	1000010	1000100	1001000	1010000	2000020	2000110	2001010	2001100	2010010	2010100	2011000	3000120	3001020	3001110	3010020	3010110	3011010	3011100	4001120	4010120	4011020	4011110	5011120
5011111	32	0	1000001	1000010	1000100	1001000	1010000	2000011	2000101	2000110	2001001	2001010	2001100	2010001	2010010	2010100	2011000	3000111	3001011	3001101	3001110	3010011	3010101	3010110	3011001	3011010	3011100	4001111	4010111	4011011	4011101	4011110	5011111
5011102	24	0	1000001	1000100	1001000	1010000	2000002	2000101	2001001	2001100	2010001	2010100	2011000	3000102	3001002	3001101	3010002	3010101	3011001	3011100	4001102	4010102	4011002	4011101	5011102
5011030	16	0	1000010	1001000	1010000	2000020	2001010	2010010	2011000	3000030	3001020	3010020	3011010	4001030	4010030	4011020	5011030
5011021	24	0	1000001	1000010	1001000	1010000	2000011	2000020	2001001	2001010	2010001	2010010	2011000	3000021	3001011	3001020	3010011	3010020	3011001	3011010	4001021	4010021	4011011	4011020	5011021
5011012	24	0	1000001	1000010	1001000	1010000	2000002	2000011	2001001	2001010	2010001	2010010	2011000	3000012	3001002	3001011	3010002	3010011	3011001	3011010	4001012	4010012	4011002	4011011	5011012
5011003	16	0	1000001	1001000	1010000	2000002	2001001	2010001	2011000	3000003	3001002	3010002	3011001	4001003	4010003	4011002	5011003
5010400	10	0	1000100	1010000	2000200	2010100	3000300	3010200	4000400	4010300	5010400
5010310	16	0	1000010	1000100	1010000	2000110	2000200	2010010	2010100	3000210	3000300	3010110	3010200	4000310	4010210	4010300	5010310
5010301	16	0	1000001	1000100	1010000	2000101	2000200	2010001	2010100	3000201	3000300	3010101	3010200	4000301	4010201	4010300	5010301
5010220	18	0	1000010	1000100	1010000	2000020	2000110	2000200	2010010	2010100	3000120	3000210	3010020	3010110	3010200	4000220	4010120	4010210	5010220
5010211	24	0	1000001	1000010	1000100	1010000	2000011	2000101	2000110	2000200	2010001	2010010	2010100	3000111	3000201	3000210	3010011	3010101	3010110	3010200	4000211	4010111	4010201	4010210	5010211
5010202	18	0	1000001	1000100	1010000	2000002	2000101	2000200	2010001	2010100	3000102	3000201	3010002	3010101	3010200	4000202	4010102	4010201	5010202
5010130	16	0	1000010	1000100	1010000	2000020	2000110	2010010	2010100	3000030	3000120	3010020	3010110	4000130	4010030	4010120	5010130
5010121	24	0	1000001	1000010	1000100	1010000	2000011	2000020	2000101	2000110	2010001	2010010	2010100	3000021	3000111	3000120	3010011	3010020	3010101	3010110	4000121	4010021	4010111	4010120	5010121
5010112	24	0	1000001	1000010	1000100	1010000	2000002	2000011	2000101	2000110	2010001	2010010	2010100	3000012	3000102	3000111	3010002	3010011	3010101	3010110	4000112	4010012	4010102	4010111	5010112
5010103	16	0	1000001	1000100	1010000	2000002	2000101	2010001	2010100	3000003	3000102	3010002	3010101	4000103	4010003	4010102	5010103
5010040	10	0	1000010	1010000	2000020	2010010	3000030	3010020	4000040	4010030	5010040
5010031	16	0	1000001	1000010	1010000	2000011	2000020	2010001	2010010	3000021	3000030	3010011	3010020	4000031	4010021	4010030	5010031
5010022	18	0	1000001	1000010	1010000	2000002	2000011	2000020	2010001	2010010	3000012	3000021	3010002	3010011	3010020	4000022	4010012	4010021	5010022
5010013	16	0	1000001	1000010	1010000	2000002	2000011	2010001	2010010	3000003	3000012	3010002	3010011	4000013	4010003	4010012	5010013
5010004	10	0	1000001	1010000	2000002	2010001	3000003	3010002	4000004	4010003	5010004
5005000	6	0	1001000	2002000	3003000	4004000	5005000
5004100	10	0	1000100	1001000	2001100	2002000	3002100	3003000	4003100	4004000	5004100
5004010	10	0	1000010	1001000	2001010	2002000	3002010	3003000	4003010	4004000	5004010
5004001	10	0	1000001	1001000	2001001	2002000	3002001	3003000	4003001	4004000	5004001
5003200	12	0	1000100	1001000	2000200	2001100	2002000	3001200	3002100	3003000	4002200	4003100	5003200
5003110	16	0	1000010	1000100	1001000	2000110	2001010	2001100	2002000	3001110	3002010	3002100	3003000	4002110	4003010	4003100	5003110
5003101	16	0	1000001	1000100	1001000	2000101	2001001	2001100	2002000	3001101	3002001	3002100	3003000	4002101	4003001	4003100	5003101
5003020	12	0	1000010	1001000	2000020	2001010	2002000	3001020	3002010	3003000	4002020	4003010	5003020
5003011	16	0	1000001	1000010	1001000	2000011	2001001	2001010	2002000	3001011	3002001	3002010	3003000	4002011	4003001	4003010	5003011
5003002	12	0	1000001	1001000	2000002	2001001	2002000	3001002	3002001	3003000	4002002	4003001	5003002
5002300	12	0	1000100	1001000	2000200	2001100	2002000	3000300	3001200	3002100	4001300	4002200	5002300
5002210	18	0	1000010	1000100	1001000	2000110	2000200	2001010	2001100	2002000	3000210	3001110	3001200	3002010	3002100	4001210	4002110	4002200	5002210
5002201	18	0	1000001	1000100	1001000	2000101	2000200	2001001	2001100	2002000	3000201	3001101	3001200	3002001	3002100	4001201	4002101	4002200	5002201
5002120	18	0	1000010	1000100	1001000	2000020	2000110	2001010	2001100	2002000	3000120	3001020	3001110	3002010	3002100	4001120	4002020	4002110	5002120
5002111	24	0	1000001	1000010	1000100	1001000	2000011	2000101	2000110	2001001	2001010	2001100	2002000	3000111	3001011	3001101	3001110	3002001	3002010	3002100	4001111	4002011	4002101	4002110	5002111
5002102	18	0	1000001	1000100	1001000	2000002	2000101	2001001	2001100	2002000	3000102	3001002	3001101	3002001	3002100	4001102	4002002	4002101	5002102
5002030	12	0	1000010	1001000	2000020	2001010	2002000	3000030	3001020	3002010	4001030	4002020	5002030
5002021	18	0	1000001	1000010	1001000	2000011	2000020	2001001	2001010	2002000	3000021	3001011	3001020	3002001	3002010	4001021	4002011	4002020	5002021
5002012	18	0	1000001	1000010	1001000	2000002	2000011	2001001	2001010	2002000	3000012	3001002	3001011	3002001	3002010	4001012	4002002	4002011	5002012
5002003	12	0	1000001	1001000	2000002	2001001	2002000	3000003	3001002	3002001	4001003	4002002	5002003
5001400	10	0	1000100	1001000	2000200	2001100	3000300	3001200	4000400	4001300	5001400
5001310	16	0	1000010	1000100	1001000	2000110	2000200	2001010	2001100	3000210	3000300	3001110	3001200	4000310	4001210	4001300	5001310
5001301	16	0	1000001	1000100	1001000	2000101	2000200	2001001	2001100	3000201	3000300	3001101	3001200	4000301	4001201	4001300	5001301
5001220	18	0	1000010	1000100	1001000	2000020	2000110	2000200	2001010	2001100	3000120	3000210	3001020	3001110	3001200	4000220	4001120	4001210	5001220
5001211	24	0	1000001	1000010	1000100	1001000	2000011	2000101	2000110	2000200	2001001	2001010	2001100	3000111	3000201	3000210	3001011	3001101	3001110	3001200	4000211	4001111	4001201	4001210	5001211
5001202	18	0	1000001	1000100	1001000	2000002	2000101	2000200	2001001	2001100	3000102	3000201	3001002	3001101	3001200	4000202	4001102	4001201	5001202
5001130	16	0	1000010	1000100	1001000	2000020	2000110	2001010	2001100	3000030	3000120	3001020	3001110	4000130	4001030	4001120	5001130
5001121	24	0	1000001	1000010	1000100	1001000	2000011	2000020	2000101	2000110	2001001	2001010	2001100	3000021	3000111	3000120	3001011	3001020	3001101	3001110	4000121	4001021	4001111	4001120	5001121
5001112	24	0	1000001	1000010	1000100	1001000	2000002	2000011	2000101	2000110	2001001	2001010	2001100	3000012	3000102	3000111	3001002	3001011	3001101	3001110	4000112	4001012	4001102	4001111	5001112
5001103	16	0	1000001	1000100	1001000	2000002	2000101	2001001	2001100	3000003	3000102	3001002	3001101	4000103	4001003	4001102	5001103
5001040	10	0	1000010	1001000	2000020	2001010	3000030	3001020	4000040	4001030	5001040
5001031	16	0	1000001	1000010	1001000	2000011	2000020	2001001	2001010	3000021	3000030	3001011	3001020	4000031	4001021	4001030	5001031
5001022	18	0	1000001	1000010	1001000	2000002	2000011	2000020	2001001	2001010	3000012	3000021	3001002	3001011	3001020	4000022	4001012	4001021	5001022
5001013	16	0	1000001	1000010	1001000	2000002	2000011	2001001	2001010	3000003	3000012	3001002	3001011	4000013	4001003	4001012	5001013
5001004	10	0	1000001	1001000	2000002	2001001	3000003	3001002	4000004	4001003	5001004
5000500	6	0	1000100	2000200	3000300	4000400	5000500
5000410	10	0	1000010	1000100	2000110	2000200	3000210	3000300	4000310	4000400	5000410
5000401	10	0	1000001	1000100	2000101	2000200	3000201	3000300	4000301	4000400	5000401
5000320	12	0	1000010	1000100	2000020	2000110	2000200	3000120	3000210	3000300	4000220	4000310	5000320
5000311	16	0	1000001	1000010	1000100	2000011	2000101	2000110	2000200	3000111	3000201	3000210	3000300	4000211	4000301	4000310	5000311
5000302	12	0	1000001	1000100	2000002	2000101	2000200	3000102	3000201	3000300	4000202	4000301	5000302
5000230	12	0	1000010	1000100	2000020	2000110	2000200	3000030	3000120	3000210	4000130	4000220	5000230
5000221	18	0	1000001	1000010	1000100	2000011	2000020	2000101	2000110	2000200	3000021	3000111	3000120	3000201	3000210	4000121	4000211	4000220	5000221
5000212	18	0	1000001	1000010	1000100	2000002	2000011	2000101	2000110	2000200	3000012	3000102	3000111	3000201	3000210	4000112	4000202	4000211	5000212
5000203	12	0	1000001	1000100	2000002	2000101	2000200	3000003	3000102	3000201	4000103	4000202	5000203
5000140	10	0	1000010	1000100	2000020	2000110	3000030	3000120	4000040	4000130	5000140
5000131	16	0	1000001	1000010	1000100	2000011	2000020	2000101	2000110	3000021	3000030	3000111	3000120	4000031	4000121	4000130	5000131
5000122	18	0	1000001	1000010	1000100	2000002	2000011	2000020	2000101	2000110	3000012	3000021	3000102	3000111	3000120	4000022	4000112	4000121	5000122
5000113	16	0	1000001	1000010	1000100	2000002	2000011	2000101	2000110	3000003	3000012	3000102	3000111	4000013	4000103	4000112	5000113
5000104	10	0	1000001	1000100	2000002	2000101	3000003	3000102	4000004	4000103	5000104
5000050	6	0	1000010	2000020	3000030	4000040	5000050
5000041	10	0	1000001	1000010	2000011	2000020	3000021	3000030	4000031	4000040	5000041
5000032	12	0	1000001	1000010	2000002	2000011	2000020	3000012	3000021	3000030	4000022	4000031	5000032
5000023	12	0	1000001	1000010	2000002	2000011	2000020	3000003	3000012	3000021	4000013	4000022	5000023
5000014	10	0	1000001	1000010	2000002	2000011	3000003	3000012	4000004	4000013	5000014
5000005	6	0	1000001	2000002	3000003	4000004	5000005